20220906 129230641
20220906 129230643
20220906 129230644
20220906 129230645
20220824 130109254
20220824 130109287
20220824 130109288
20220824 130109434
20220825 130244666
20220825 130244667
20220828 129457373
20220828 130124983
20220829 130116111
20220829 130549631
20220829 130549686
20220829 130549687
20220831 130245243
20220831 130245244
20220831 130245245
20220831 130245246
20220831 130245247
20220831 130245248
20220831 130245249
20220831 130245250
20220831 130245251
20220831 130245252
20220831 130245255
20220831 130245256
20220831 130245257
20220831 130245258
20220831 130245259
20220831 130245260
20220831 130245261
20220831 130245262
20220831 130108102
20220904 130467527
20220905 130244244
20220921 130245454
20220921 130245462
20220921 130245478
20220921 130245482
20220921 130245536